[OLS]
sklearnModel beta:  [  5.23879884   1.93534524 -20.97548389  -8.18138474  -2.5667999
                       30.32624349  19.07455524   5.24075318  -2.85959296 -18.9172102
                      -16.36928531  -7.57270471  -1.1131656    6.1744506    4.17865251
                       4.38620709   4.74794262  -1.17631871   1.05638156  -2.79272874]
our beta:           [  5.23879884   1.93534524 -20.97548389  -8.18138474  -2.5667999
                       30.32624349  19.07455525   5.24075318  -2.85959296 -18.9172102
                      -16.36928532  -7.57270471  -1.1131656    6.1744506    4.17865251
                       4.38620709   4.74794262  -1.17631871   1.05638156  -2.79272875]

sklearnModel MSE:  0.008551406119720212
our MSE:  0.00855140611834528
sklearnModel R2:  0.8796310495615578
our R2:  0.8796310495803168


[RIDGE]
sklearnModel beta:  [  4.67083115   1.80063528 -17.33902497  -8.22162114  -2.4
4797867
  23.06249819  17.45541266   7.00445982  -3.12106348 -12.78263642
 -14.12245264  -7.64831963  -3.57741275   6.81139869   2.27085961
   3.65283601   4.00648866  -0.32040239   1.79950991  -3.14449738]
our beta:  [  4.67083115   1.80063528 -17.33902496  -8.22162114  -2.44797867
  23.06249819  17.45541266   7.00445982  -3.12106348 -12.78263642
 -14.12245264  -7.64831963  -3.57741275   6.81139869   2.27085961
   3.65283601   4.00648866  -0.32040239   1.79950991  -3.14449738]

sklearnModel MSE:  0.008569654860038866
our MSE:  0.008569654860652079
sklearnModel R2:  0.879388177781546
our R2:  0.8793881777729884
